Accuracy: 0.9333333333333333
Precision: 0.9333333333333333
Recall: 0.9333333333333333
F1 Score: 0.9333333333333333
